time	first_open	app_remove	session_start	app_open	login	view_exercise	health_survey	view_roadmap	practice_with_video	practice_with_ai	chat_ai	show_popup	view_detail_popup	close_popup	store_subscription	in_app_purchase	avg_engage_time
20250217	4	0	12	9	3	6	1	4	2	2	0	0	0	0	1	0	1458
20250218	1	0	12	6	1	5	1	3	2	4	3	0	0	0	0	0	1085
20250219	9	1	21	10	7	9	4	5	5	7	3	0	0	0	0	0	766
20250220	0	0	14	6	2	7	1	3	2	2	1	0	0	0	0	0	886
20250221	1	0	11	7	2	4	0	2	0	1	1	0	0	0	0	0	576
20250222	1	0	11	10	2	7	1	4	3	3	1	0	0	0	1	0	1129
20250223	1	1	7	4	1	1	1	1	0	1	0	0	0	0	0	0	148
20250224	0	1	10	8	1	6	0	3	1	3	0	0	0	0	0	0	1860
20250225	4	4	14	11	2	4	0	1	2	3	0	0	0	0	0	0	710
20250226	3	0	14	10	1	2	0	1	0	2	0	0	0	0	0	0	977
20250227	1	2	11	7	3	4	0	1	1	2	0	0	0	0	0	0	1806
20250228	1	1	9	6	0	2	0	0	1	1	1	0	0	0	0	0	496
20250301	0	0	7	5	1	3	1	3	1	1	1	0	0	0	0	0	1588
20250302	2	0	8	5	1	3	1	2	2	2	3	0	0	0	0	0	1435
20250303	2	1	14	8	4	6	2	3	1	3	5	1	0	1	1	0	400
20250304	1	1	11	8	2	5	2	3	0	3	2	1	0	0	0	0	1275
20250305	2	2	11	6	2	3	1	0	0	1	1	1	0	0	0	0	1242
20250306	2	0	16	11	3	11	1	2	1	5	1	0	0	0	1	0	779
20250307	3	1	15	10	3	10	2	4	5	3	2	0	0	0	0	0	823
20250308	0	0	1	1	0	0	0	0	0	0	0	0	0	0	0	0	0
20250309	0	0	7	6	0	2	1	2	1	1	0	0	0	0	0	0	226
20250310	8	1	20	10	0	10	1	1	0	1	2	0	0	0	1	0	607
20250311	2	0	10	6	0	4	0	0	1	1	1	0	0	0	0	0	878
20250312	0	0	12	3	0	3	0	1	0	2	0	0	0	0	0	0	714
20250313	0	0	12	8	1	6	0	1	1	4	3	0	0	0	0	0	406
20250314	4	3	13	6	3	6	1	1	2	2	3	0	0	0	0	0	289
20250315	1	1	8	3	0	7	1	2	2	3	2	0	0	0	0	0	1185
20250316	0	0	3	3	0	2	0	1	1	1	0	0	0	0	0	0	1391
20250317	1	1	8	6	2	4	1	2	3	2	1	0	0	0	0	0	1227
20250318	1	0	12	9	3	7	1	3	0	2	0	2	1	2	1	0	1663
20250319	1	0	9	5	1	6	1	2	0	3	1	1	1	1	0	0	1661
20250320	2	4	9	6	3	7	1	2	1	5	1	0	0	0	0	0	1068
20250321	3	2	14	9	3	7	2	4	4	5	6	0	0	0	3	0	1465
20250322	0	1	2	2	0	0	0	0	0	0	0	0	0	0	0	0	25
20250323	1	0	4	2	0	2	1	1	0	1	0	0	0	0	1	0	393
20250324	2	0	6	3	2	2	1	1	1	2	1	0	0	0	0	0	1515
20250325	9	1	16	13	6	11	0	0	5	5	1	6	0	6	0	0	1687
20250326	3	0	9	5	2	6	0	0	0	2	0	2	0	2	0	0	4503
20250327	1	1	10	8	4	7	0	1	0	1	1	2	2	2	0	0	289
20250328	0	0	10	7	0	4	1	1	0	0	0	1	0	0	2	0	222
20250329	0	1	3	1	0	1	0	0	0	0	1	0	0	0	0	0	56
20250330	0	0	1	1	0	1	1	1	1	1	0	0	0	0	1	0	3104
20250331	0	0	2	1	0	1	0	0	0	0	0	0	0	0	0	0	40
20250401	1	1	6	3	2	4	1	3	2	2	0	0	0	0	0	0	1023
20250402	4	3	8	5	5	6	2	1	0	5	1	0	0	0	0	0	448
20250403	2	0	6	4	2	4	3	2	0	3	2	0	0	0	1	0	270
20250404	2	1	6	4	3	2	0	1	0	1	0	0	0	0	0	0	257
20250405	0	0	3	1	0	1	0	1	0	1	0	0	0	0	0	0	1250
20250406	0	0	5	2	0	3	1	2	2	2	0	0	0	0	0	0	1394
20250407	0	0	3	3	0	2	0	2	0	1	1	0	0	0	0	0	2081
20250408	2	0	9	1	1	5	0	1	2	4	0	0	0	0	0	0	961
20250409	2	0	7	3	1	6	2	2	1	2	0	0	0	0	1	0	763
20250410	1	0	9	5	2	7	2	2	1	4	2	0	0	0	0	0	1072
20250411	4	2	12	6	3	8	4	4	4	6	3	0	0	0	0	0	1428
20250412	0	0	4	3	0	3	0	1	1	2	0	0	0	0	1	0	5198
20250413	0	0	4	3	0	3	1	2	2	3	0	0	0	0	1	0	1327
20250414	3	0	15	6	1	10	0	3	2	6	3	0	0	0	0	0	3430
20250415	4	1	14	7	3	9	0	2	4	2	0	0	0	0	0	0	7916
20250416	0	0	6	2	1	4	0	1	1	2	0	0	0	0	0	0	12853
20250417	2	0	14	8	5	8	1	2	1	3	3	0	0	0	1	0	6326
20250418	3	0	14	11	3	6	0	4	1	2	2	0	0	0	2	0	2656
20250419	0	2	7	5	0	3	2	2	2	2	0	0	0	0	1	0	1523
20250420	0	0	3	3	0	1	0	1	0	1	0	0	0	0	0	0	2035
20250421	1	1	5	3	1	2	0	1	1	1	1	0	0	0	0	0	169
20250422	4	3	15	9	5	11	1	3	2	5	1	0	0	0	0	0	970
20250423	1	0	9	6	2	4	1	1	2	2	2	0	0	0	0	0	1385
20250424	3	1	16	15	6	6	4	4	2	1	2	0	0	0	1	0	606
20250425	35	0	40	9	1	5	0	0	2	1	0	0	0	0	1	0	84
20250426	17	0	22	17	1	15	0	1	1	10	0	0	0	0	0	0	635
20250427	0	0	5	4	0	2	0	0	0	0	2	0	0	0	2	0	166
20250428	11	1	16	9	5	11	3	2	2	11	2	0	0	0	0	0	847
20250429	8	0	19	9	10	14	1	2	4	11	1	0	0	0	0	0	1810
20250430	1	0	3	3	1	2	0	1	1	0	1	0	0	0	1	0	320
20250501	0	0	2	1	0	0	0	0	0	0	0	0	0	0	0	0	0
20250502	1	0	3	1	1	0	0	0	0	0	0	0	0	0	0	0	40
20250503	0	0	1	0	0	1	0	0	0	0	0	0	0	0	1	0	72
20250504	1	0	3	1	0	0	0	0	0	0	0	0	0	0	0	0	151
20250505	4	0	12	8	5	8	0	0	1	4	0	0	0	0	0	0	5022
20250506	3	2	9	4	0	5	1	1	0	4	1	0	0	0	0	0	5771
20250507	8	4	17	4	2	11	0	1	2	9	0	0	0	0	0	0	1349
20250508	3	0	8	7	4	7	1	1	2	5	0	0	0	0	0	0	415
20250509	9	0	14	12	4	4	1	0	0	0	0	0	0	0	0	0	121
20250510	14	1	20	11	4	16	3	3	3	10	0	0	0	0	0	0	279
20250511	10	0	15	4	5	6	5	5	3	3	1	0	0	0	0	0	397
20250512	7	2	18	5	3	11	2	2	3	7	1	0	0	0	1	0	712
20250513	0	0	8	6	3	7	2	2	3	5	0	0	0	0	1	0	1005
20250514	0	1	5	3	0	3	0	1	1	1	1	0	0	0	0	0	2446
20250515	5	1	16	11	7	11	4	7	3	8	3	0	0	0	1	0	931
20250516	5	1	13	11	4	9	3	2	6	3	0	0	0	0	0	0	350
20250517	1	0	7	3	1	3	1	1	2	0	0	0	0	0	0	0	81
20250518	2	0	4	1	0	1	0	0	0	0	0	0	0	0	0	0	53
20250519	0	0	5	2	0	1	0	1	1	0	0	0	0	0	0	0	319
20250520	2	1	7	3	1	4	1	4	3	1	2	0	0	0	0	0	335
20250521	2	0	10	5	3	4	0	1	3	0	0	0	0	0	0	0	515
20250522	6	0	16	13	5	10	2	2	1	0	2	0	0	0	0	0	848
20250523	9	3	17	4	4	11	2	2	0	8	1	0	0	0	1	0	208
20250524	1	0	7	6	1	2	1	2	0	1	0	0	0	0	1	0	639
20250525	3	0	6	2	1	2	1	1	1	1	1	0	0	0	0	0	155
20250526	3	2	6	2	2	3	2	2	1	2	1	0	0	0	0	0	751
20250527	2	0	7	3	0	3	0	1	2	1	0	0	0	0	0	0	472
20250528	2	0	7	3	3	6	3	3	3	1	2	0	0	0	1	0	888
20250529	1	0	9	5	4	5	1	2	2	1	1	0	0	0	0	0	881
20250530	4	3	10	8	5	6	0	0	1	3	2	0	0	0	1	0	1158
20250531	3	0	10	6	5	6	1	0	3	4	1	0	0	0	1	0	3075
20250601	2	0	6	2	1	2	1	1	0	0	1	0	0	0	1	0	223
20250602	0	1	8	4	1	3	0	0	0	3	1	0	0	0	0	0	409
20250603	0	1	5	2	1	2	0	0	1	0	1	0	0	0	0	0	511
20250604	3	2	7	3	3	2	2	1	2	1	1	0	0	0	0	0	379
20250605	1	0	11	8	5	4	1	1	2	0	3	0	0	0	1	0	1396
20250606	6	1	15	6	4	6	1	3	2	1	2	0	0	0	2	0	995
20250607	3	0	8	3	0	1	0	0	0	0	0	0	0	0	0	0	1860
20250608	0	0	5	2	0	1	0	1	0	1	0	0	0	0	0	0	1000
20250609	0	0	5	3	1	1	1	1	0	1	1	0	0	0	0	0	26596
20250610	1	0	6	4	1	3	0	0	1	1	1	0	0	0	0	0	7257
20250611	6	1	14	2	3	3	3	3	2	1	2	0	0	0	0	0	1549
20250612	3	2	9	6	6	7	2	3	3	3	6	0	0	0	0	0	2501
20250613	2	0	10	5	4	3	1	0	2	1	0	0	0	0	2	0	2149
20250614	0	0	3	3	0	1	0	0	0	0	0	0	0	0	0	0	121
20250615	1	0	8	5	1	1	1	1	0	0	1	0	0	0	1	0	88
20250616	1	1	10	4	1	2	1	2	0	1	0	0	0	0	1	0	825
20250617	5	0	20	14	8	11	1	0	6	2	2	0	0	0	0	0	3570
20250618	4	0	15	14	9	13	0	0	4	3	0	0	0	0	0	0	5977
20250619	6	2	13	10	7	11	2	3	6	6	2	0	0	0	2	0	3158
20250620	0	0	8	3	2	6	0	0	3	0	2	0	0	0	1	0	354
20250621	1	0	4	1	0	0	0	0	0	0	1	0	0	0	0	0	288
20250622	0	0	2	2	0	0	0	0	0	0	0	0	0	0	0	0	0
20250623	0	1	8	4	3	3	0	1	0	0	0	0	0	0	0	0	1410
20250624	3	0	8	3	2	4	1	1	1	0	0	0	0	0	2	0	218
20250625	0	0	9	4	1	4	0	0	0	4	1	0	0	0	1	0	328
20250626	1	1	5	1	1	2	0	0	0	0	1	0	0	0	0	0	1375
20250627	1	0	8	0	1	2	0	0	1	1	0	0	0	0	0	0	633
20250628	0	1	5	1	0	1	0	0	1	0	0	0	0	0	0	0	553
20250629	0	0	5	1	0	0	0	0	0	0	0	0	0	0	0	0	6
20250630	1	0	4	1	0	1	0	0	1	1	2	0	0	0	0	0	199
20250701	1	0	5	1	0	2	0	0	1	0	0	0	0	0	0	0	570
20250702	3	1	8	5	4	5	2	4	5	4	1	0	0	0	3	0	1553
20250703	0	1	4	2	0	1	0	0	1	0	0	0	0	0	0	0	982
20250704	4	0	11	7	1	6	1	1	2	0	2	0	0	0	1	0	3170
20250705	2	1	9	5	1	3	1	0	2	2	2	0	0	0	0	0	6990
20250706	0	1	6	4	1	1	0	1	0	1	1	0	0	0	0	0	147
20250707	0	1	8	4	0	1	0	0	1	0	0	0	0	0	0	0	91
20250708	2	0	12	5	1	3	2	1	2	2	3	0	0	0	1	0	461
20250709	0	0	11	8	5	4	1	4	2	2	0	0	0	0	1	0	5452
20250710	2	0	6	3	0	5	0	0	1	5	1	0	0	0	0	0	10550
20250711	2	0	9	7	2	5	2	2	1	1	0	0	0	0	2	0	727
20250712	1	0	7	3	0	3	0	1	3	3	1	0	0	0	0	0	1131
20250713	1	0	4	1	0	1	0	0	0	0	0	0	0	0	0	0	31
20250714	2	0	7	3	0	3	1	1	2	0	0	0	0	0	1	0	504
20250715	1	0	9	2	0	4	0	0	2	0	0	0	0	0	0	0	290
20250716	12	1	22	11	5	13	0	0	5	4	1	0	0	0	1	0	831
20250717	5	0	14	11	4	9	1	3	3	2	1	0	0	0	2	0	5350
20250718	1	0	8	2	0	2	0	0	0	1	0	0	0	0	0	0	5027
20250719	5	0	12	6	1	4	1	0	1	0	3	0	0	0	0	0	239
20250720	0	0	4	2	1	1	1	1	1	0	1	0	0	0	1	1	474
20250721	3	0	7	3	0	1	0	0	2	0	0	0	0	0	0	0	1757
20250722	2	0	4	2	1	0	0	0	0	0	1	0	0	0	0	0	180
20250723	6	0	15	5	1	9	3	2	6	4	3	0	0	0	1	0	487
20250724	7	3	16	8	6	9	3	4	6	3	2	0	0	0	3	0	648
20250725	0	0	15	7	2	7	0	0	2	1	2	0	0	0	1	0	357
20250726	5	0	12	4	0	5	4	1	4	3	0	0	0	0	3	0	460
20250727	8	0	13	3	1	5	3	1	2	2	1	0	0	0	1	0	267
20250728	6	0	14	3	0	4	3	1	3	1	3	0	0	0	1	0	236
20250729	8	0	18	8	3	6	5	1	0	0	3	0	0	0	0	0	339
20250730	7	2	19	11	7	8	3	1	3	3	3	0	0	0	0	0	3160
20250731	8	1	20	7	4	8	5	2	5	0	6	0	0	0	2	0	2202
20250801	12	0	23	8	6	5	7	2	1	1	5	0	0	0	3	0	263
20250802	3	0	17	6	1	9	2	2	6	4	1	0	0	0	1	0	831
20250803	6	0	14	5	1	7	4	3	3	5	2	0	0	0	1	0	879
20250804	7	0	18	5	0	4	2	2	2	2	3	0	0	0	0	0	259
20250805	5	0	16	5	1	8	2	2	2	2	5	0	0	0	3	0	207
20250806	3	0	15	8	0	2	3	2	0	0	2	0	0	0	0	0	285
20250807	10	0	25	6	2	8	9	6	5	4	9	0	0	0	0	0	468
20250808	2	0	14	8	1	6	1	2	5	1	4	0	0	0	1	0	279
20250809	3	1	12	4	0	4	1	0	1	2	0	0	0	0	0	0	642
20250810	1	0	6	5	0	1	0	0	0	0	0	0	0	0	0	0	34
20250811	5	0	12	4	1	4	2	1	1	2	1	0	0	0	0	0	217
20250812	9	0	16	4	0	3	2	1	2	1	2	0	0	0	1	0	397
20250813	4	1	12	7	2	2	3	1	1	0	0	0	0	0	1	0	860
20250814	8	1	20	10	3	8	3	1	2	1	4	0	0	0	1	0	316
20250815	3	0	12	4	0	6	0	0	4	0	1	0	0	0	0	0	508
20250816	5	1	12	4	0	1	2	0	1	0	2	0	0	0	0	0	326
20250817	1	0	5	4	0	1	0	0	1	0	0	0	0	0	0	0	170
20250818	5	0	16	10	4	5	3	0	2	2	3	0	0	0	0	0	2175
20250819	3	0	11	4	0	3	1	1	1	1	3	0	0	0	0	0	598
20250820	3	1	13	4	0	8	3	3	3	3	3	0	0	0	0	0	2894
20250821	1	1	12	10	4	5	0	0	0	1	2	1	1	1	1	0	6896
20250822	0	0	4	2	0	1	0	0	0	0	0	0	0	0	0	0	0
20250823	1	1	5	2	0	1	0	0	1	0	0	0	0	0	0	0	168
20250824	0	0	6	4	0	4	0	1	2	1	1	0	0	0	0	0	543
20250825	1	1	9	6	1	4	0	0	0	0	3	0	0	0	1	0	107
20250826	3	3	13	6	4	5	2	0	2	0	1	0	0	0	3	0	3969
20250827	7	4	13	9	4	6	1	4	2	3	3	0	0	0	2	0	3581
20250828	11	2	21	15	7	16	2	4	5	1	6	0	0	0	0	0	3857
20250829	4	4	15	8	5	7	1	1	7	2	5	9	2	9	3	0	2857
20250830	0	1	6	4	1	2	0	0	0	0	0	4	1	2	2	0	357
20250831	1	0	6	4	0	3	1	1	2	2	1	6	0	3	0	0	218
20250901	3	0	10	5	5	3	2	2	3	1	1	6	0	4	2	0	518
20250902	0	1	3	2	0	0	0	0	0	0	0	2	0	0	0	0	0
20250903	1	0	6	2	0	1	0	0	0	0	0	5	0	1	1	0	98
20250904	1	0	12	6	2	2	1	1	0	0	4	9	1	6	2	0	1301
20250905	1	0	12	6	1	5	1	1	2	0	4	9	0	7	2	0	560
20250906	0	1	6	5	0	1	0	0	0	0	0	0	0	0	0	0	24
20250907	0	0	6	4	0	0	0	0	0	0	0	0	0	0	0	0	29
20250908	6	4	15	8	2	1	1	1	0	0	0	0	0	0	0	0	189
20250909	1	1	11	6	1	4	1	0	0	0	2	0	0	0	0	0	132
20250910	4	0	7	6	3	4	1	0	1	1	2	0	0	0	1	0	229
20250911	1	2	11	5	1	1	0	0	0	0	1	0	0	0	1	0	2036
20250912	4	3	16	12	6	4	0	1	0	0	6	0	0	0	2	0	1237
20250913	3	0	9	5	0	4	0	0	2	0	0	0	0	0	0	0	113
20250914	0	0	7	4	0	1	1	1	0	0	0	0	0	0	0	0	321
20250915	0	0	6	4	0	1	0	0	0	0	0	0	0	0	0	0	851
20250916	0	0	4	4	1	1	0	0	0	0	0	0	0	0	0	0	15
20250917	0	0	6	4	0	1	1	0	1	0	0	0	0	0	0	0	1262
20250918	3	1	7	5	1	0	0	0	0	0	0	0	0	0	0	0	330
20250919	1	0	8	6	2	4	0	3	0	1	1	0	0	0	1	0	429
20250920	0	0	7	8	0	2	1	0	1	0	0	0	0	0	0	0	782
20250921	3	0	10	5	0	1	0	1	0	0	0	0	0	0	0	0	64
20250922	0	0	4	4	0	2	0	1	1	1	1	0	0	0	0	0	690
20250923	1	0	9	5	1	3	0	1	2	2	0	0	0	0	1	0	656
20250924	0	1	3	1	0	1	0	0	1	0	0	0	0	0	0	0	1977
20250925	2	3	6	1	0	0	0	0	1	0	0	0	0	0	0	0	879
20250926	2	1	6	4	3	5	0	0	3	1	2	0	0	0	2	0	842
20250927	0	0	2	1	0	0	0	0	0	0	0	0	0	0	0	0	0
20250928	0	0	3	2	0	2	0	1	1	2	0	0	0	0	0	0	1143
20250929	2	1	11	6	2	5	4	4	4	2	5	0	0	0	4	0	357
20250930	2	0	10	5	1	5	0	1	2	1	2	0	0	0	2	0	607
20251001	0	1	8	4	0	3	0	0	3	1	0	0	0	0	0	0	912
20251002	1	1	7	2	0	2	0	0	1	0	1	0	0	0	0	0	459
20251003	3	0	20	11	2	8	2	0	2	3	1	0	0	0	3	0	971
20251004	0	1	4	4	0	0	0	0	0	0	0	0	0	0	0	0	0
20251005	0	0	5	2	0	0	0	0	0	0	0	0	0	0	0	0	24
20251006	1	1	6	6	0	1	0	0	1	0	0	0	0	0	0	0	0
20251007	1	1	8	5	0	1	0	0	0	0	2	0	0	0	0	0	210
20251008	2	0	6	4	0	2	0	0	2	0	0	0	0	0	0	0	786
20251009	0	0	6	5	2	3	1	1	0	2	2	0	0	0	0	0	920
20251010	1	1	10	9	2	6	2	4	2	3	3	0	0	0	2	0	563
20251011	0	0	6	5	0	1	0	1	0	1	1	0	0	0	0	0	1502
20251012	1	0	9	4	0	1	0	1	1	1	1	0	0	0	0	0	139
20251013	3	2	8	4	0	4	0	0	0	3	0	0	0	0	0	0	528
20251014	0	1	5	3	1	1	0	0	1	0	0	0	0	0	0	0	107
20251015	4	1	9	4	0	2	1	0	2	0	0	0	0	0	0	0	180
20251016	0	0	6	5	1	4	1	1	2	1	1	0	0	0	0	0	711
20251017	1	1	9	6	3	2	1	0	1	0	3	0	0	0	2	0	554
20251018	0	0	6	5	0	2	0	1	1	1	0	0	0	0	0	0	0
20251019	0	0	5	4	0	3	0	1	2	0	2	0	0	0	0	0	313
20251020	1	1	7	3	0	2	0	0	0	0	1	0	0	0	0	0	958
20251021	3	0	8	2	1	8	0	0	3	2	1	0	0	0	1	0	752